A0011 15 17 15 15
A0021 10 13 16 19
A0024 13 19 14 13
A0036 20 19 20 20
A0032 19 16 18 18
A0002 15 17 13 15
A0041 20 19 19 16
A0031 17 17 18 19
A0012 20 20 19 20
A0033 11 19 19 18
A0020 19 12 18 14
A0022 18 19 17 17
A0005 12 17 16 14
A0008 8 15 10 16
A0030 13 18 17 14
A0027 16 20 19 19
A0029 18 19 20 19
A0018 17 18 12 20
A0037 18 19 16 20
A0023 19 13 14 15
A0019 18 17 17 20
A0009 16 18 14 12
A0007 13 15 18
A0035 16 20 19 19
A0038 16 15 19 19
A0034 19 16 19 19
A0003 17 18 18 19
A0010 14 17 15
A0013 15 6 17 8
A0006 19 20 19 19
A0004 15 18 20 17
A0028 19 0 20 20
A0026 13 19 18 19
A0025 19 13 17 18
A0016 10 19 13 19
A0015 15 13 18 14
A0017 11 13 15 11
A0014 17 17 12 12
A0001 13 15 14 11
